X;Force
 M;Newtons
0;2,22
0,01;2,22
0,0199;2,22
0,0299;2,22
0,0399;2,22
0,0499;2,22
0,0598;2,22
0,0698;2,207
0,0798;3,524
0,0897;8,979
0,0997;14,346
0,1097;15,417
0,1196;13,773
0,1296;13,67
0,1396;15,778
0,1496;16,911
0,1595;15,669
0,1695;15,041
0,1795;15,424
0,1894;16,761
0,1994;17,026
0,2094;15,976
0,2193;16,147
0,2293;16,992
0,2393;16,085
0,2493;14,196
0,2592;13,139
0,2692;12,327
0,2792;12,184
0,2891;13,834
0,2991;15,281
0,3091;15,076
0,319;13,998
0,329;12,47
0,339;11,966
0,349;12,416
0,3589;12,327
0,3689;12,327
0,3789;14,291
0,3888;17,408
0,3988;18,26
0,4088;16,712
0,4187;15,267
0,4287;15,267
0,4387;14,203
0,4487;12,613
0,4586;12,027
0,4686;11,666
0,4786;13,33
0,4885;15,71
0,4985;17,244
0,5085;18,349
0,5184;19,495
0,5284;20,381
0,5384;22,011
0,5484;22,987
0,5583;22,584
0,5683;23,518
0,5783;23,355
0,5882;21,561
0,5982;19,427
0,6082;16,31
0,6181;13,487
0,6281;12,777
0,6381;13,31
0,6481;14,107
0,658;15,143
0,668;17,756
0,678;21,821
0,6879;21,411
0,6979;19,645
0,7079;20,074
0,7178;21,05
0,7278;19,093
0,7378;16,856
0,7478;14,905
0,7577;12,587
0,7677;12,109
0,7777;13,453
0,7876;15,293
0,7976;16,099
0,8076;16,133
0,8175;15,976
0,8275;16,33
0,8375;16,392
0,8475;15,498
0,8574;15,253
0,8674;15,314
0,8774;14,919
0,8873;14,967
0,8973;15,819
0,9073;17,872
0,9173;20,129
0,9272;20,429
0,9372;19,904
0,9472;19,965
0,9571;21,214
0,9671;19,822
0,9771;19,693
0,987;20,688
0,997;20,04
1,007;17,858
1,017;14,203
1,0269;12,211
1,0369;10,514
1,0469;9,824
1,0568;11,14
1,0668;13,118
1,0768;14,789
1,0867;16,276
1,0967;15,969
1,1067;15,949
1,1167;15,907
1,1266;15,512
1,1366;15,54
1,1466;15,744
1,1565;15,71
1,1665;15,887
1,1765;14,434
1,1864;13,794
1,1964;15,267
1,2064;16,105
1,2164;15,035
1,2263;13,65
1,2363;13,63
1,2463;12,818
1,2562;11,843
1,2662;13,037
1,2762;15,717
1,2861;18,281
1,2961;17,271
1,3061;16,535
1,3161;15,928
1,326;15,464
1,336;15,928
1,346;16,154
1,3559;15,771
1,3659;14,257
1,3759;12,955
1,3858;11,864
1,3958;12,17
1,4058;11,973
1,4158;12,327
1,4257;14,298
1,4357;16,187
1,4457;17,067
1,4556;15,914
1,4656;14,346
1,4756;13,889
1,4855;14,81
1,4955;15,853
1,5055;15,464
1,5155;16,917
1,5254;19,603
1,5354;18,867
1,5454;19,031
1,5553;22,454
1,5653;27,283
1,5753;24,848
1,5852;20,845
1,5952;18,744
1,6052;16,576
1,6152;15,785
1,6251;15,505
1,6351;14,728
1,6451;13,705
1,655;12,498
1,665;11,891
1,675;13,01
1,6849;14,005
1,6949;14,25
1,7049;15,464
1,7149;14,7
1,7248;13,153
1,7348;12
1,7448;11,639
1,7547;13,063
1,7647;16,378
1,7747;16,644
1,7846;15,492
1,7946;15,894
1,8046;16,685
1,8146;15,744
1,8245;15,635
1,8345;17,763
1,8445;20,081
1,8544;19,781
1,8644;20,204
1,8744;18,022
1,8844;14,367
1,8943;13,65
1,9043;14,857
1,9143;15,198
1,9242;14,681
1,9342;13,977
1,9442;13,439
1,9541;13,684
1,9641;14,271
1,9741;14,605
1,9841;16,31
1,994;17,551
2,004;17,354
2,014;15,785
2,0239;13,855
2,0339;14,974
2,0439;19,795
2,0538;21,473
2,0638;19,365
2,0738;18,137
2,0838;15,519
2,0937;12,553
2,1037;11,911
2,1137;14,721
2,1236;20,429
2,1336;23,716
2,1436;25,707
2,1535;23,668
2,1635;19,003
2,1735;16,256
2,1835;14,441
2,1934;13,111
2,2034;11,754
2,2134;10,731
2,2233;11,025
2,2333;12,498
2,2433;13,289
2,2532;14,817
2,2632;16,814
2,2732;16,426
2,2832;15,717
2,2931;15,069
2,3031;13,61
2,3131;13,351
2,323;13,834
2,333;13,739
2,343;12,737
2,3529;13,098
2,3629;13,875
2,3729;15,498
2,3829;14,019
2,3928;14,885
2,4028;14,155
2,4128;9,661
2,4227;7,485
2,4327;7,949
2,4427;8,488
2,4526;11,407
2,4626;15,293
2,4726;15,519
2,4826;13,507
2,4925;12,668
2,5025;12,737
2,5125;12,068
2,5224;10,602
2,5324;11,059
2,5424;13,063
2,5523;15,131
2,5623;15,062
2,5723;14,067
2,5823;15,492
2,5922;17,606
2,6022;18,56
2,6122;18,397
2,6221;18,786
2,6321;19,291
2,6421;15,45
2,652;12,955
2,662;12,13
2,672;12,866
2,682;13,746
2,6919;14,591
2,7019;15,171
2,7119;15,314
2,7218;16,754
2,7318;17,844
2,7418;17,511
2,7518;14,612
2,7617;12,041
2,7717;12,484
2,7817;15,11
2,7916;15,86
2,8016;15,185
2,8116;16,569
2,8215;17,367
2,8315;15,812
2,8415;13,207
2,8515;12,996
2,8614;15,785
2,8714;20,477
2,8814;21,671
2,8913;21,657
2,9013;23,144
2,9113;21,943
2,9212;19,229
2,9312;19,051
2,9412;19,61
2,9512;17,865
2,9611;13,984
2,9711;11,932
2,9811;11,216
2,991;11,59
3,001;14,298
3,011;17,285
3,0209;18,894
3,0309;19,877
3,0409;16,773
3,0509;13,725
3,0608;11,373
3,0708;10,179
3,0808;12,996
3,0907;15,498
3,1007;15,764
3,1107;15,219
3,1206;14,496
3,1306;15,553
3,1406;18,281
3,1506;21,766
3,1605;21,411
3,1705;18,301
3,1805;14,912
3,1904;12,075
3,2004;12,137
3,2104;15,785
3,2203;19,474
3,2303;19,358
3,2403;16,904
3,2503;15,84
3,2602;16,003
3,2702;16,003
3,2802;16,93
3,2901;17,92
3,3001;17,899
3,3101;17,633
3,32;17,551
3,33;16,44
3,34;13,753
3,35;13,568
3,3599;14,571
3,3699;14,257
3,3799;13,282
3,3898;12,348
3,3998;12,375
3,4098;13,568
3,4197;13,923
3,4297;13,8
3,4397;14,878
3,4497;15,546
3,4596;14,203
3,4696;13,377
3,4796;15,055
3,4895;17,067
3,4995;16,174
3,5095;16,637
3,5194;16,971
3,5294;15,267
3,5394;15,6
3,5494;16,562
3,5593;15,955
3,5693;13,494
3,5793;11,959
3,5892;12,409
3,5992;13,807
3,6092;14,182
3,6191;15,949
3,6291;18,779
3,6391;18,52
3,6491;17,149
3,659;13,998
3,669;12,287
3,679;13,862
3,6889;15,471
3,6989;16,869
3,7089;18,227
3,7189;18,458
3,7288;17,408
3,7388;17,858
3,7488;20,886
3,7587;23,71
3,7687;18,936
3,7787;12,096
3,7886;7,956
3,7986;8,324
3,8086;9,845
3,8186;11,175
3,8285;11,564
3,8385;11,754
3,8485;12,484
3,8584;14,755
3,8684;19,079
3,8784;23,744
3,8883;26,914
3,8983;29,697
3,9083;30,365
3,9183;28,17
3,9282;22,297
3,9382;19,072
3,9482;18,499
3,9581;16,644
3,9681;14,482
3,9781;14,196
3,988;13,391
3,998;11,837
4,008;11,407
4,018;12,763
4,0279;13,61
4,0379;14,843
4,0479;19,256
4,0578;17,777
4,0678;16,085
4,0778;16,876
4,0877;17,633
4,0977;17,176
4,1077;16,863
4,1177;16,74
4,1276;16,133
4,1376;15,417
4,1476;16,112
4,1575;18,984
4,1675;18,165
4,1775;13,534
4,1874;10,821
4,1974;10,65
4,2074;12,204
4,2174;13,739
4,2273;14,741
4,2373;15,342
4,2473;14,66
4,2572;14,039
4,2672;15
4,2772;16,262
4,2871;18,206
4,2971;17,108
4,3071;14,08
4,3171;11,775
4,327;10,997
4,337;13,105
4,347;15,949
4,3569;17,435
4,3669;17,108
4,3769;16,221
4,3868;15,56
4,3968;15,464
4,4068;14,783
4,4168;14,687
4,4267;15,669
4,4367;14,796
4,4467;12,3
4,4566;10,997
4,4666;13,617
4,4766;17,68
4,4865;19,4
4,4965;19,563
4,5065;20,702
4,5165;21,288
4,5264;18,308
4,5364;17,858
4,5464;19,897
4,5563;18,943
4,5663;14,796
4,5763;11,734
4,5863;9,381
4,5962;8,924
4,6062;10,145
4,6162;11,945
4,6261;14,046
4,6361;14,891
4,6461;15,847
4,656;16,617
4,666;13,391
4,676;11,1
4,686;10,718
4,6959;10,704
4,7059;9,974
4,7159;9,572
4,7258;10,473
4,7358;14,633
4,7458;14,667
4,7557;14,06
4,7657;15,6
4,7757;17,223
4,7857;15,99
4,7956;15,164
4,8056;17,094
4,8156;18,656
4,8255;16,549
4,8355;15,035
4,8455;17,394
4,8554;18,867
4,8654;18,56
4,8754;18,437
4,8854;17,687
4,8953;15,6
4,9053;13,787
4,9153;13,719
4,9252;14,074
4,9352;13,903
4,9452;14,633
4,9551;15,457
4,9651;15,233
4,9751;15,117
4,9851;14,933
4,995;15,826
5,005;17,524
5,015;18,124
5,0249;18,022
5,0349;17,278
5,0449;15,805
5,0548;16,467
5,0648;18,894
5,0748;21,65
5,0848;21,957
5,0947;19,42
5,1047;17,013
5,1147;16,842
5,1246;16,16
5,1346;15,014
5,1446;16,105
5,1545;17,04
5,1645;17,299
5,1745;17,599
5,1845;18,185
5,1944;17,804
5,2044;18,315
5,2144;16,985
5,2243;13,794
5,2343;11,994
5,2443;13,596
5,2542;18,137
5,2642;22,195
5,2742;22,646
5,2842;21,773
5,2941;21,99
5,3041;21,288
5,3141;22,209
5,324;21,016
5,334;20,859
5,344;18,663
5,3539;15,069
5,3639;12,089
5,3739;10,377
5,3839;10,93
5,3938;12,047
5,4038;12,477
5,4138;12,451
5,4237;11,25
5,4337;10,875
5,4437;11,843
5,4536;14,176
5,4636;15,683
5,4736;16,064
5,4836;15,396
5,4935;13,22
5,5035;11,052
5,5135;10,828
5,5234;12,601
5,5334;15,444
5,5434;17,163
5,5534;18,601
5,5633;18,486
5,5733;18,465
5,5833;19,46
5,5932;20,866
5,6032;19,167
5,6132;17,415
5,6231;15,219
5,6331;13,705
5,6431;13,896
5,6531;16,228
5,663;17,237
5,673;17,68
5,683;17,783
5,6929;17,661
5,7029;16,678
5,7129;16,092
5,7228;17,326
5,7328;15,826
5,7428;13,016
5,7528;11,693
5,7627;13,617
5,7727;15,901
5,7827;17,599
5,7926;19,55
5,8026;22,134
5,8126;23,661
5,8225;20,197
5,8325;17,04
5,8425;16,549
5,8525;15,69
5,8624;12,396
5,8724;10,8
5,8824;10,745
5,8923;11,133
5,9023;12,825
5,9123;13,582
5,9222;12,348
5,9322;11,884
5,9422;12,805
5,9522;14,543
5,9621;14,687
5,9721;15,062
5,9821;18,07
5,992;19,72
6,002;18,315
6,012;16,644
6,0219;17,544
6,0319;17,872
6,0419;16,147
6,0519;14,619
6,0618;14,134
6,0718;12,805
6,0818;11,223
6,0917;12,068
6,1017;16,262
6,1117;19,358
6,1216;16,801
6,1316;13,732
6,1416;12,157
6,1516;12,894
6,1615;15,048
6,1715;16,992
6,1815;18,158
6,1914;20,238
6,2014;20,06
6,2114;18,001
6,2213;16,617
6,2313;15,642
6,2413;13,977
6,2513;12,041
6,2612;10,124
6,2712;8,767
6,2812;9,62
6,2911;11,297
6,3011;12,744
6,3111;14,162
6,321;15,724
6,331;14,734
6,341;13,323
6,351;13,61
6,3609;13,384
6,3709;11,897
6,3809;10,923
6,3908;9,729
6,4008;10,636
6,4108;13,637
6,4208;16,037
6,4307;15,048
6,4407;13,22
6,4507;12,396
6,4606;11,747
6,4706;11,14
6,4806;10,773
6,4905;10,657
6,5005;10,623
6,5105;11,864
6,5205;14,674
6,5304;17,176
6,5404;19,093
6,5504;19,42
6,5603;19,884
6,5703;20,402
6,5803;18,915
6,5902;15,764
6,6002;14,284
6,6102;14,741
6,6202;15,035
6,6301;15,164
6,6401;14,755
6,6501;13,344
6,66;12,941
6,67;12,627
6,68;12,116
6,6899;10,54
6,6999;10,043
6,7099;11,877
6,7199;15,949
6,7298;19,788
6,7398;19,324
6,7498;17,98
6,7597;17,197
6,7697;16,501
6,7797;17,073
6,7896;16,897
6,7996;15,117
6,8096;13,794
6,8196;14,51
6,8295;15,457
6,8395;15,976
6,8495;17,258
6,8594;18,049
6,8694;15,185
6,8794;12,368
6,8893;10,514
6,8993;9,879
6,9093;10,438
6,9193;12,13
6,9292;14,598
6,9392;16,597
6,9492;17,258
6,9591;17,504
6,9691;16,842
6,9791;15,41
6,989;15,287
6,999;13,439
7,009;11,939
7,019;10,595
7,0289;10,779
7,0389;14,326
7,0489;16,904
7,0588;17,715
7,0688;18,363
7,0788;16,856
7,0887;13,098
7,0987;12,061
7,1087;12,232
7,1187;12,375
7,1286;14,81
7,1386;19,781
7,1486;24,2
7,1585;26,567
7,1685;23,941
7,1785;20,627
7,1884;19,603
7,1984;17,347
7,2084;14,434
7,2184;13,684
7,2283;17,783
7,2383;22,202
7,2483;20,034
7,2582;15,997
7,2682;13,446
7,2782;13,063
7,2882;13,971
7,2981;15,314
7,3081;16,154
7,3181;16,447
7,328;17,565
7,338;18,751
7,348;19,754
7,3579;20,177
7,3679;18,574
7,3779;17,292
7,3879;14,257
7,3978;14,36
7,4078;16,617
7,4178;15,54
7,4277;13,384
7,4377;13,105
7,4477;13,282
7,4576;12,43
7,4676;11,168
7,4776;12,211
7,4876;13,125
7,4975;12,375
7,5075;13,023
7,5175;10,964
7,5274;11,25
7,5374;12,546
7,5474;12,92
7,5573;13,344
7,5673;12,477
7,5773;12,225
7,5873;13,548
7,5972;16,119
7,6072;16,944
7,6172;14,981
7,6271;13,644
7,6371;14,646
7,6471;16,999
7,657;17,899
7,667;17,456
7,677;16,849
7,687;16,304
7,6969;17,68
7,7069;17,142
7,7169;14,517
7,7268;12,873
7,7368;11,488
7,7468;9,764
7,7567;8,672
7,7667;10,145
7,7767;12,525
7,7867;13,01
7,7966;12,989
7,8066;14,967
7,8166;15,41
7,8265;14,687
7,8365;14,748
7,8465;16,037
7,8564;15,369
7,8664;12,675
7,8764;11,133
7,8864;9,667
7,8963;12,491
7,9063;15,505
7,9163;16,59
7,9262;15,901
7,9362;15,805
7,9462;15,662
7,9561;15,11
7,9661;15,39
7,9761;15,56
7,9861;13,753
7,996;11,066
8,006;11,052
8,016;13,534
8,0259;15,492
8,0359;14,946
8,0459;14,728
8,0558;12,961
8,0658;10,84
8,0758;10,814
8,0858;12,075
8,0957;13,051
8,1057;13,296
8,1157;14,891
8,1256;19,284
8,1356;20,552
8,1456;19,208
8,1556;17,128
8,1655;15,212
8,1755;13,077
8,1855;12,532
8,1954;14,148
8,2054;15,928
8,2154;17,811
8,2253;16,16
8,2353;12,846
8,2453;10,568
8,2553;10,445
8,2652;11,08
8,2752;12,77
8,2852;15,826
8,2951;17,94
8,3051;20,34
8,3151;20,886
8,325;19,413
8,335;18,649
8,345;18,69
8,355;19,153
8,3649;18,137
8,3749;17,361
8,3849;16,16
8,3948;14,326
8,4048;12,416
8,4148;11,611
8,4247;11,53
8,4347;11,059
8,4447;11,018
8,4547;11,373
8,4646;10,752
8,4746;10,227
8,4846;11,182
8,4945;12,587
8,5045;12,901
8,5145;13,18
8,5244;15,219
8,5344;16,167
8,5444;16,18
8,5544;17,006
8,5643;19,788
8,5743;20,307
8,5843;16,454
8,5942;11,38
8,6042;11,345
8,6142;15,103
8,6241;18,894
8,6341;20,32
8,6441;18,71
8,6541;17,592
8,664;17,906
8,674;18,437
8,684;18,444
8,6939;15,819
8,7039;12,941
8,7139;11,747
8,7238;12,784
8,7338;14,503
8,7438;16,01
8,7538;17,347
8,7637;18,69
8,7737;17,408
8,7837;14,393
8,7936;13,241
8,8036;13,377
8,8136;13,344
8,8235;13,384
8,8335;13,398
8,8435;13,807
8,8535;14,919
8,8634;15,914
8,8734;15,519
8,8834;13,213
8,8933;12,825
8,9033;14,114
8,9133;15,041
8,9232;15,724
8,9332;16,276
8,9432;15,737
8,9532;15,281
8,9631;14,434
8,9731;13,937
8,9831;14,734
8,993;16,228
9,003;17,047
9,013;15,567
9,0229;13,896
9,0329;13,8
9,0429;13,37
9,0529;11,57
9,0628;10,773
9,0728;11,911
9,0828;12,341
9,0927;13,923
9,1027;15,464
9,1127;14,714
9,1227;13,882
9,1326;14,121
9,1426;14,981
9,1526;15,089
9,1625;15,478
9,1725;14,51
9,1825;13,125
9,1924;13,18
9,2024;12,777
9,2124;12,634
9,2224;12,901
9,2323;13,487
9,2423;13,377
9,2523;13,76
9,2622;14,891
9,2722;16,801
9,2822;16,863
9,2921;16,099
9,3021;16,119
9,3121;17,197
9,3221;18,063
9,332;17,927
9,342;17,361
9,352;17,128
9,3619;17,728
9,3719;18,274
9,3819;15,676
9,3918;13,698
9,4018;12,723
9,4118;13,33
9,4218;17,585
9,4317;18,042
9,4417;16,473
9,4517;16,017
9,4616;17,285
9,4716;17,626
9,4816;15,69
9,4915;15,267
9,5015;16,276
9,5115;15,355
9,5215;12,92
9,5314;10,671
9,5414;9,709
9,5514;11,025
9,5613;13,93
9,5713;14,046
9,5813;13,937
9,5912;14,674
9,6012;14,339
9,6112;13,323
9,6212;13,78
9,6311;14,407
9,6411;12,539
9,6511;9,51
9,661;10,602
9,671;13,282
9,681;15,6
9,6909;18,247
9,7009;17,033
9,7109;14,326
9,7209;13,016
9,7308;13,814
9,7408;15,717
9,7508;15,86
9,7607;14,482
9,7707;11,243
9,7807;10,54
9,7906;12,157
9,8006;15,819
9,8106;17,483
9,8206;17,558
9,8305;18,185
9,8405;18,41
9,8505;18,213
9,8604;20,157
9,8704;18,697
9,8804;16,037
9,8903;15,15
9,9003;15,444
9,9103;16,31
9,9203;16,958
9,9302;17,654
9,9402;17,271
9,9502;15,771
9,9601;15,293
9,9701;15,048
9,9801;12,532
9,9901;11,297
10;11,025
10,01;10,166
10,02;11,045
10,0299;11,59
10,0399;12,02
10,0499;13,596
10,0598;13,746
10,0698;12,566
10,0798;12,634
10,0898;13,664
10,0997;13,282
10,1097;12,709
10,1197;13,582
10,1296;16,508
10,1396;21,766
10,1496;23,327
10,1595;19,931
10,1695;16,473
10,1795;15,553
10,1895;16,256
10,1994;16,726
10,2094;14,96
10,2194;12,913
10,2293;12,327
10,2393;12,02
10,2493;11,816
10,2592;11,747
10,2692;13,617
10,2792;19,167
10,2892;22,911
10,2991;20,593
10,3091;18,594
10,3191;18,39
10,329;18,008
10,339;17,306
10,349;16,426
10,3589;16,242
10,3689;14,85
10,3789;13,617
10,3889;13,964
10,3988;14,571
10,4088;16,364
10,4188;18,479
10,4287;19,42
10,4387;18,07
10,4487;15,041
10,4586;14,087
10,4686;15,778
10,4786;16,856
10,4886;16,814
10,4985;16,999
10,5085;17,367
10,5185;17,879
10,5284;18,315
10,5384;20,961
10,5484;23,375
10,5583;19,734
10,5683;14,721
10,5783;14,264
10,5883;16,904
10,5982;17,626
10,6082;16,761
10,6182;15,744
10,6281;14,769
10,6381;14,824
10,6481;15,478
10,658;14,428
10,668;13,644
10,678;11,1
10,688;10,521
10,6979;12,634
10,7079;15,293
10,7179;15,512
10,7278;15,069
10,7378;14,441
10,7478;13,296
10,7577;13,787
10,7677;14,339
10,7777;13,166
10,7877;11,018
10,7976;9,552
10,8076;10,445
10,8176;13,01
10,8275;14,543
10,8375;15,219
10,8475;15,117
10,8574;15,86
10,8674;18,56
10,8774;21,111
10,8874;22,509
10,8973;20,334
10,9073;17,96
10,9173;17,428
10,9272;16,814
10,9372;15,785
10,9472;15,642
10,9572;15,369
10,9671;15,6
10,9771;17,094
10,9871;19,31
10,997;17,763
11,007;15,191
11,017;12,655
11,0269;11,877
11,0369;13,773
11,0469;14,939
11,0569;15,171
11,0668;15,526
11,0768;12,934
11,0868;12,341
11,0967;14,046
11,1067;14,339
11,1167;14,346
11,1266;14,796
11,1366;12,791
11,1466;12,014
11,1566;11,53
11,1665;11,297
11,1765;13,596
11,1865;16,276
11,1964;17,285
11,2064;17,156
11,2164;18,377
11,2263;20,381
11,2363;21,84
11,2463;21,268
11,2563;18,677
11,2662;16,357
11,2762;16,167
11,2862;16,876
11,2961;15,731
11,3061;14,469
11,3161;14,857
11,326;13,501
11,336;11,857
11,346;12,737
11,356;16,985
11,3659;20,914
11,3759;21,357
11,3859;19,522
11,3958;18,267
11,4058;17,851
11,4158;17,92
11,4257;18,451
11,4357;19,16
11,4457;17,865
11,4557;12,791
11,4656;8,031
11,4756;8,208
11,4856;10,07
11,4955;12,825
11,5055;14,387
11,5155;14,591
11,5254;15,321
11,5354;16,664
11,5454;15,089
11,5554;13,023
11,5653;14,046
11,5753;16,167
11,5853;17,927
11,5952;18,806
11,6052;19,434
11,6152;17,606
11,6251;14,332
11,6351;12,559
11,6451;14,284
11,6551;16,937
11,665;16,514
11,675;16,262
11,685;16,611
11,6949;15,914
11,7049;15,764
11,7149;16,324
11,7248;15,628
11,7348;13,644
11,7448;13,351
11,7548;15,457
11,7647;14,837
11,7747;12,034
11,7847;10,671
11,7946;10,731
11,8046;11,639
11,8146;12,239
11,8246;11,564
11,8345;10,875
11,8445;11,121
11,8545;12,02
11,8644;16,051
11,8744;21,486
11,8844;24,903
11,8943;25,85
11,9043;27,597
11,9143;30,079
11,9243;28,258
11,9342;25,032
11,9442;21,009
11,9542;16,085
11,9641;14,674
11,9741;15,969
11,9841;14,981
11,994;12,559
12,004;11,318
12,014;11,768
12,024;13,18
12,0339;14,339
12,0439;13,22
12,0539;11,823
12,0638;11,25
12,0738;11,414
12,0838;12,88
12,0937;14,755
12,1037;17,511
12,1137;21,827
12,1237;22,387
12,1336;20,395
12,1436;18,574
12,1536;15,942
12,1635;13,555
12,1735;12,908
12,1835;13,977
12,1934;14,074
12,2034;12,457
12,2134;11,223
12,2234;10,793
12,2333;13,166
12,2433;19,331
12,2533;24,943
12,2632;26,567
12,2732;24,262
12,2832;20,995
12,2931;18,642
12,3031;17,067
12,3131;15,137
12,3231;13,555
12,333;12,396
12,343;13,848
12,353;15,662
12,3629;16,904
12,3729;17,04
12,3829;16,33
12,3928;16,221
12,4028;17,694
12,4128;18,799
12,4228;17,735
12,4327;14,993
12,4427;13,548
12,4527;13,364
12,4626;14,127
12,4726;14,36
12,4826;13,48
12,4925;13,234
12,5025;14,182
12,5125;16,535
12,5225;18,384
12,5324;17,954
12,5424;16,733
12,5524;17,169
12,5623;15,997
12,5723;14,257
12,5823;12,961
12,5922;12,096
12,6022;12,218
12,6122;14,831
12,6222;16,473
12,6321;16,651
12,6421;14,284
12,6521;12,594
12,662;12
12,672;11,407
12,682;11,747
12,6919;13,268
12,7019;14,598
12,7119;15,812
12,7219;17,306
12,7318;18,158
12,7418;18,567
12,7518;20,831
12,7617;21,84
12,7717;19,993
12,7817;16,992
12,7917;14,619
12,8016;12,491
12,8116;11,277
12,8216;11,236
12,8315;12,805
12,8415;14,196
12,8515;14,421
12,8614;15,826
12,8714;18,486
12,8814;21,002
12,8914;21,977
12,9013;20,838
12,9113;17,354
12,9213;14,094
12,9312;13,118
12,9412;13,984
12,9512;15,11
12,9611;15,014
12,9711;15,955
12,9811;17,271
12,9911;18,513
13,001;19,106
13,011;16,549
13,021;13,998
13,0309;12,866
13,0409;12,144
13,0509;12,287
13,0608;11,932
13,0708;13,337
13,0808;15,321
13,0908;15,621
13,1007;16,256
13,1107;15,485
13,1207;16,14
13,1306;17,394
13,1406;17,511
13,1506;14,741
13,1605;12,587
13,1705;13,78
13,1805;15,88
13,1905;18,37
13,2004;22,032
13,2104;25,585
13,2204;26,185
13,2303;25,319
13,2403;23,573
13,2503;18,39
13,2602;12,751
13,2702;10,697
13,2802;11,57
13,2902;13,391
13,3001;15,055
13,3101;14,564
13,3201;12,927
13,33;11,761
13,34;11,734
13,35;12,825
13,3599;13,807
13,3699;14,025
13,3799;13,834
13,3899;14,531
13,3998;15,444
13,4098;16,351
13,4198;16,371
13,4297;16,283
13,4397;14,598
13,4497;13,248
13,4596;12,859
13,4696;15,131
13,4796;17,722
13,4896;18,963
13,4995;19,447
13,5095;16,794
13,5195;14,319
13,5294;13,841
13,5394;15,553
13,5494;19,7
13,5593;22,195
13,5693;20,614
13,5793;19,324
13,5893;19,127
13,5992;19,747
13,6092;19,727
13,6192;18,008
13,6291;15,069
13,6391;13,377
13,6491;12,784
13,6591;12,873
13,669;13,95
13,679;15,921
13,689;17,613
13,6989;18,049
13,7089;17,23
13,7189;16,671
13,7288;16,207
13,7388;15,041
13,7488;13,964
13,7588;13,773
13,7687;14,367
13,7787;15,533
13,7887;16,801
13,7986;18,41
13,8086;19,413
13,8186;19,55
13,8285;17,661
13,8385;16,364
13,8485;17,326
13,8585;18,042
13,8684;18,274
13,8784;18,792
13,8884;19,017
13,8983;18,936
13,9083;18,39
13,9183;17,613
13,9282;17,32
13,9382;16,842
13,9482;16,351
13,9582;16,576
13,9681;17,661
13,9781;18,26
13,9881;17,326
13,998;16,556
14,008;15,628
14,018;15,233
14,0279;15,41
14,0379;13,46
14,0479;11,897
14,0579;11,495
14,0678;12,041
14,0778;11,809
14,0878;12,423
14,0977;15,314
14,1077;15,369
14,1177;13,111
14,1276;12,266
14,1376;13,903
14,1476;16,473
14,1576;19,188
14,1675;18,601
14,1775;16,297
14,1875;14,393
14,1974;13,61
14,2074;12,913
14,2174;12,457
14,2273;12,116
14,2373;11,904
14,2473;12,784
14,2573;13,882
14,2672;14,169
14,2772;13,514
14,2872;14,107
14,2971;15,819
14,3071;16,167
14,3171;15,826
14,327;17,169
14,337;21,718
14,347;21,807
14,357;18,342
14,3669;15,976
14,3769;13,91
14,3869;13,037
14,3968;15
14,4068;17,804
14,4168;18,377
14,4267;17,701
14,4367;17,285
14,4467;14,919
14,4567;13,03
14,4666;12,723
14,4766;12,587
14,4866;12,661
14,4965;13,705
14,5065;14,571
14,5165;14,734
14,5265;15,205
14,5364;15,307
14,5464;15,376
14,5564;16,276
14,5663;16,604
14,5763;17,265
14,5863;16,944
14,5962;15,219
14,6062;13,575
14,6162;13,044
14,6262;13,16
14,6361;14,598
14,6461;17,108
14,6561;17,38
14,666;14,967
14,676;14,326
14,686;15,212
14,6959;14,537
14,7059;12,573
14,7159;11,57
14,7259;12,901
14,7358;15,731
14,7458;18,131
14,7558;18,67
14,7657;18,192
14,7757;19,42
14,7857;23,355
14,7956;26,15
14,8056;24,827
14,8156;19,952
14,8256;15,328
14,8355;12,901
14,8455;11,393
14,8555;10,214
14,8654;10,854
14,8754;14,291
14,8854;18,765
14,8953;23,348
14,9053;25,933
14,9153;26,547
14,9253;26,907
14,9352;25,243
14,9452;21,916
14,9552;18,26
14,9651;14,748
14,9751;14,407
14,9851;16,454
14,995;19,195
15,005;21,725
15,015;21,821
15,025;19,447
15,0349;16,754
15,0449;14,169
15,0549;14,578
15,0648;15,281
15,0748;16,48
15,0848;17,851
15,0947;17,64
15,1047;16,235
15,1147;14,741
15,1247;14,462
15,1346;15,553
15,1446;16,597
15,1546;18,329
15,1645;16,761
15,1745;15,021
15,1845;14,067
15,1944;13,63
15,2044;13,084
15,2144;13,603
15,2244;15,314
15,2343;16,623
15,2443;17,722
15,2543;21,2
15,2642;21,179
15,2742;20,893
15,2842;18,86
15,2941;15,914
15,3041;13,767
15,3141;12,887
15,3241;13,125
15,334;14,939
15,344;17,251
15,354;18,472
15,3639;19,208
15,3739;19,857
15,3839;19,795
15,3938;18,356
15,4038;16,105
15,4138;14,278
15,4238;12,873
15,4337;11,932
15,4437;12,3
15,4537;15,56
15,4636;21,732
15,4736;26,642
15,4836;27,808
15,4936;25,196
15,5035;23,375
15,5135;21,759
15,5235;19,522
15,5334;17,006
15,5434;15,267
15,5534;15,131
15,5633;18,506
15,5733;23,477
15,5833;24,712
15,5933;21,131
15,6032;18,315
15,6132;15,724
15,6232;14,319
15,6331;14,714
15,6431;14,912
15,6531;14,619
15,663;16,085
15,673;17,817
15,683;18,192
15,693;18,294
15,7029;18,39
15,7129;18,07
15,7229;17,013
15,7328;15,307
15,7428;14,755
15,7528;14,428
15,7627;14,087
15,7727;13,418
15,7827;12,484
15,7927;12,144
15,8026;11,761
15,8126;11,147
15,8226;10,861
15,8325;13,16
15,8425;16,433
15,8525;17,578
15,8624;15,655
15,8724;15,498
15,8824;16,18
15,8924;17,824
15,9023;19,822
15,9123;20,538
15,9223;19,891
15,9322;18,908
15,9422;17,108
15,9522;16,31
15,9621;15,901
15,9721;15,124
15,9821;15,969
15,9921;16,958
16,002;16,617
16,012;15,669
16,022;15,376
16,0319;15
16,0419;14,244
16,0519;14,674
16,0618;14,393
16,0718;13,391
16,0818;13,016
16,0918;13,016
16,1017;13,657
16,1117;15,307
16,1217;18,001
16,1316;19,427
16,1416;19,249
16,1516;19,741
16,1615;18,71
16,1715;15,942
16,1815;13,527
16,1915;13,855
16,2014;15,99
16,2114;16,992
16,2214;15,907
16,2313;14,707
16,2413;15,942
16,2513;19,815
16,2612;19,774
16,2712;18,397
16,2812;17,606
16,2912;17,237
16,3011;17,449
16,3111;16,747
16,3211;15,048
16,331;13,657
16,341;13,971
16,351;16,099
16,361;16,747
16,3709;16,678
16,3809;17,401
16,3909;18,54
16,4008;19,201
16,4108;19,536
16,4208;19,529
16,4307;17,511
16,4407;15,697
16,4507;15,444
16,4607;16,105
16,4706;16,754
16,4806;17,333
16,4906;18,977
16,5005;22,291
16,5105;23,777
16,5205;21,057
16,5304;17,987
16,5404;17,497
16,5504;15,655
16,5604;15,26
16,5703;16,249
16,5803;15,396
16,5903;14,094
16,6002;13,644
16,6102;14,564
16,6202;17,047
16,6301;18,649
16,6401;19,338
16,6501;20,872
16,6601;20,293
16,67;18,281
16,68;17,101
16,69;15,137
16,6999;13,48
16,7099;12,703
16,7199;11,884
16,7298;11,373
16,7398;13,111
16,7498;15,45
16,7598;15,874
16,7697;14,257
16,7797;13,194
16,7897;12,751
16,7996;13,282
16,8096;15,028
16,8196;16,747
16,8295;17,606
16,8395;18,349
16,8495;18,853
16,8595;17,64
16,8694;15,88
16,8794;14,748
16,8894;14,755
16,8993;15,778
16,9093;18,104
16,9193;16,317
16,9292;14,796
16,9392;15,976
16,9492;17,169
16,9592;18,117
16,9691;19,529
16,9791;20,422
16,9891;20,6
16,999;19,693
17,009;16,487
17,019;14,633
17,0289;13,937
17,0389;13,18
17,0489;12,075
17,0589;11,809
17,0688;12,88
17,0788;13,827
17,0888;13,384
17,0987;12,887
17,1087;13,52
17,1187;12,901
17,1286;13,78
17,1386;16,754
17,1486;19,331
17,1586;18,751
17,1685;16,562
17,1785;14,141
17,1885;13,548
17,1984;16,419
17,2084;21,193
17,2184;19,986
17,2283;15,676
17,2383;14,857
17,2483;16,304
17,2583;15,997
17,2682;15,607
17,2782;17,79
17,2882;20,49
17,2981;22,352
17,3081;24,303
17,3181;23,068
17,3281;21,561
17,338;18,956
17,348;15,914
17,358;14,094
17,3679;13,453
17,3779;13,67
17,3879;14,584
17,3978;15,083
17,4078;13,644
17,4178;12,082
17,4278;11,741
17,4377;13,596
17,4477;12,716
17,4577;13,412
17,4676;14,646
17,4776;15,464
17,4876;16,18
17,4975;16,773
17,5075;17,879
17,5175;18,813
17,5275;16,147
17,5374;16,262
17,5474;17,96
17,5574;18,888
17,5673;19,453
17,5773;19,917
17,5873;21,875
17,5972;19,324
17,6072;13,841
17,6172;13,541
17,6272;16,357
17,6371;18,22
17,6471;19,317
17,6571;20,129
17,667;20,395
17,677;20,143
17,687;19,249
17,6969;18,847
17,7069;18,172
17,7169;18,301
17,7269;16,856
17,7368;14,885
17,7468;14,482
17,7568;15,287
17,7667;15,731
17,7767;16,604
17,7867;17,599
17,7966;18,444
17,8066;18,901
17,8166;19,815
17,8266;18,642
17,8365;17,551
17,8465;17,927
17,8565;17,271
17,8664;16,801
17,8764;17,265
17,8864;18,124
17,8963;18,772
17,9063;19,734
17,9163;20,034
17,9263;18,534
17,9362;16,706
17,9462;13,841
17,9562;12,034
17,9661;12,539
17,9761;13,03
17,9861;13,65
17,996;14,843
18,006;16,467
18,016;16,712
18,026;16,133
18,0359;17,244
18,0459;18,22
18,0559;19,474
18,0658;20,634
18,0758;20,927
18,0858;19,31
18,0957;16,467
18,1057;13,65
18,1157;12,73
18,1257;14,428
18,1356;16,454
18,1456;18,97
18,1556;21,486
18,1655;25,06
18,1755;28,299
18,1855;31,416
18,1954;29,997
18,2054;24,255
18,2154;19,829
18,2254;17,435
18,2353;17,306
18,2453;16,154
18,2553;14,831
18,2652;13,923
18,2752;13,105
18,2852;12,252
18,2952;12,082
18,3051;13,548
18,3151;15,812
18,3251;16,16
18,335;15,021
18,345;14,639
18,355;15,096
18,3649;15,143
18,3749;14,51
18,3849;15,117
18,3949;16,856
18,4048;17,892
18,4148;16,992
18,4248;16,835
18,4347;18,015
18,4447;18,54
18,4547;15,962
18,4646;15,171
18,4746;14,537
18,4846;14,598
18,4946;14,796
18,5045;13,698
18,5145;14,605
18,5245;14,734
18,5344;13,65
18,5444;14,681
18,5544;15,894
18,5643;15,805
18,5743;14,653
18,5843;13,623
18,5943;12,703
18,6042;12,007
18,6142;12,389
18,6242;12,259
18,6341;13,917
18,6441;15,819
18,6541;16,597
18,664;15,546
18,674;13,575
18,684;12,58
18,694;12,675
18,7039;14,141
18,7139;14,843
18,7239;15,969
18,7338;17,442
18,7438;17,006
18,7538;16,024
18,7637;15,71
18,7737;15,6
18,7837;16,911
18,7937;19,256
18,8036;19,331
18,8136;16,562
18,8236;16,773
18,8335;17,858
18,8435;17,599
18,8535;16,317
18,8634;15,662
18,8734;15,771
18,8834;15,457
18,8934;15,901
18,9033;18,247
18,9133;17,715
18,9233;17,142
18,9332;13,698
18,9432;12,239
18,9532;13,767
18,9631;14,919
18,9731;15,621
18,9831;16,29
18,9931;18,104
19,003;19,713
19,013;19,467
19,023;17,49
19,0329;17,251
19,0429;18,581
19,0529;18,813
19,0629;18,738
19,0728;19,597
19,0828;20,422
19,0928;18,274
19,1027;16,126
19,1127;16,604
19,1227;18,717
19,1326;20,681
19,1426;22,038
19,1526;21,309
19,1626;20,327
19,1725;18,847
19,1825;18,151
19,1925;17,128
19,2024;15,124
19,2124;13,589
19,2224;13,848
19,2323;14,905
19,2423;15,553
19,2523;15,757
19,2623;17,463
19,2722;19,031
19,2822;19,986
19,2922;20,654
19,3021;20,764
19,3121;18,765
19,3221;16,876
19,332;17,578
19,342;18,547
19,352;19,958
19,362;20,947
19,3719;19,195
19,3819;16,726
19,3919;16,971
19,4018;16,78
19,4118;16,773
19,4218;17,183
19,4317;16,085
19,4417;15,587
19,4517;15,717
19,4617;16,528
19,4716;18,287
19,4816;19,863
19,4916;19,413
19,5015;16,658
19,5115;16,085
19,5215;17,483
19,5314;18,417
19,5414;19,829
19,5514;20,914
19,5614;22,277
19,5713;22,468
19,5813;20,872
19,5913;18,322
19,6012;16,904
19,6112;17,033
19,6212;16,283
19,6311;16,971
19,6411;17,449
19,6511;17,38
19,6611;17,23
19,671;16,726
19,681;18,315
19,691;17,62
19,7009;14,993
19,7109;15,157
19,7209;16,706
19,7308;18,335
19,7408;19,243
19,7508;19,543
19,7608;19,317
19,7707;19,393
19,7807;18,206
19,7907;15,6
19,8006;15,444
19,8106;19,536
19,8206;24,077
19,8305;24,617
19,8405;23,327
19,8505;19,713
19,8605;16,051
19,8704;14,134
19,8804;14,748
19,8904;16,869
19,9003;18,377
19,9103;19,317
19,9203;19,406
19,9303;17,654
19,9402;16,351
19,9502;16,324
19,9602;17,749
19,9701;17,701
19,9801;16,044
19,9901;17,163
20;21,997
20,01;21,486
20,02;18,063
20,03;18,158
20,0399;19,297
20,0499;19,686
20,0599;19,079
20,0698;17,061
20,0798;15,376
20,0898;15,683
20,0997;17,585
20,1097;22,032
20,1197;27,03
20,1297;24,827
20,1396;20,681
20,1496;17,68
20,1596;15,355
20,1695;15,014
20,1795;15,028
20,1895;15,226
20,1994;20,3
20,2094;20,64
20,2194;18,888
20,2294;19,222
20,2393;19,672
20,2493;20,06
20,2593;20,94
20,2692;21,493
20,2792;20,367
20,2892;19,631
20,2991;16,856
20,3091;15,901
20,3191;17,373
20,3291;19,153
20,339;18,472
20,349;17,08
20,359;16,454
20,3689;16,685
20,3789;17,292
20,3889;20,06
20,3988;19,597
20,4088;16,856
20,4188;17,285
20,4288;18,472
20,4387;19,27
20,4487;19,536
20,4587;18,431
20,4686;18,853
20,4786;21,125
20,4886;18,97
20,4985;16,174
20,5085;16,399
20,5185;15,621
20,5285;14,23
20,5384;13,862
20,5484;14,674
20,5584;16,378
20,5683;18,008
20,5783;18,622
20,5883;18,042
20,5982;15,41
20,6082;16,18
20,6182;17,96
20,6282;18,765
20,6381;19,897
20,6481;20,681
20,6581;20,688
20,668;17,763
20,678;15,293
20,688;16,201
20,6979;18,758
20,7079;19,372
20,7179;19,27
20,7279;19,706
20,7378;19,563
20,7478;19,774
20,7578;22,114
20,7677;25,407
20,7777;24,33
20,7877;20,027
20,7976;17,98
20,8076;18,342
20,8176;18,663
20,8276;19,522
20,8375;20,538
20,8475;20,647
20,8575;19,147
20,8674;16,501
20,8774;15,737
20,8874;15,055
20,8974;15,014
20,9073;18,37
20,9173;22,925
20,9273;26,526
20,9372;27,154
20,9472;24,767
20,9572;21,309
20,9671;18,772
20,9771;18,349
20,9871;19,693
20,9971;20,627
21,007;20,974
21,017;18,594
21,027;17,511
21,0369;18,534
21,0469;20,347
21,0569;20,859
21,0668;20,088
21,0768;18,567
21,0868;19,031
21,0968;22,004
21,1067;25,339
21,1167;26,15
21,1267;22,038
21,1366;18,874
21,1466;17,49
21,1566;16,14
21,1665;14,967
21,1765;16,099
21,1865;20,354
21,1965;21,868
21,2064;21,568
21,2164;19,617
21,2264;17,49
21,2363;17,408
21,2463;18,356
21,2563;19,086
21,2662;18,744
21,2762;17,019
21,2862;17,585
21,2962;17,19
21,3061;19,079
21,3161;21,602
21,3261;21,404
21,336;20,668
21,346;21,221
21,356;19,795
21,3659;17,708
21,3759;16,754
21,3859;17,83
21,3959;16,992
21,4058;15,45
21,4158;15,887
21,4258;17,83
21,4357;19,815
21,4457;24,712
21,4557;26,792
21,4656;24,957
21,4756;21,99
21,4856;19,706
21,4956;21,438
21,5055;23,246
21,5155;20,367
21,5255;17,067
21,5354;15,546
21,5454;15,744
21,5554;17,394
21,5653;17,271
21,5753;18,192
21,5853;16,31
21,5953;15,874
21,6052;19,467
21,6152;24,419
21,6252;26,854
21,6351;26,192
21,6451;23,532
21,6551;22,339
21,665;22,08
21,675;17,994
21,685;15,035
21,695;16,154
21,7049;17,326
21,7149;19,072
21,7249;21,131
21,7348;22,489
21,7448;24,48
21,7548;24,767
21,7647;20,654
21,7747;17,572
21,7847;17,947
21,7947;18,991
21,8046;19,453
21,8146;20,395
21,8246;18,329
21,8345;15,737
21,8445;14,721
21,8545;14,414
21,8645;16,821
21,8744;22,011
21,8844;20,933
21,8944;17,749
21,9043;18,077
21,9143;18,335
21,9243;18,492
21,9342;18,834
21,9442;19,536
21,9542;16,63
21,9642;15,055
21,9741;17,006
21,9841;19,802
21,9941;19,693
22,004;19,85
22,014;19,017
22,024;16,849
22,0339;15,826
22,0439;15,124
22,0539;15,035
22,0639;15,342
22,0738;14,864
22,0838;15,041
22,0938;17,149
22,1037;18,779
22,1137;18,39
22,1237;16,604
22,1336;16,617
22,1436;17,456
22,1536;18,444
22,1636;19,017
22,1735;21,247
22,1835;21,309
22,1935;19,141
22,2034;18,963
22,2134;17,449
22,2234;16,399
22,2333;16,18
22,2433;16,03
22,2533;15,744
22,2633;16,733
22,2732;20,027
22,2832;21,602
22,2932;21,766
22,3031;20,429
22,3131;17,306
22,3231;16,406
22,333;17,306
22,343;21,657
22,353;23,484
22,363;20,681
22,3729;20,211
22,3829;21,227
22,3929;23,812
22,4028;23,812
22,4128;21,09
22,4228;21,131
22,4327;21,95
22,4427;21,05
22,4527;16,773
22,4627;12,968
22,4726;9,661
22,4826;8,603
22,4926;8,004
22,5025;7,397
22,5125;6,319
22,5225;5,821
22,5324;6,19
22,5424;6,23
22,5524;6,087
22,5624;6,292
22,5723;5,29
22,5823;3,25
22,5923;2,003
22,6022;1,239
22,6122;0,761
22,6222;0,482
22,6321;0,331
22,6421;0,216
22,6521;0,154
22,6621;0,14
22,672;0,093
